100
500

102 70 148 62 58 58 88 98 148 109 111 69 81 90 62 142 143 62 53 139 100 124 59 55 102 79 84 122 127 71 118 80 144 68 144 104 77 135 52 127 94 114 98 126 106 110 70 99 122 125 140 124 51 102 129 103 131 116 128 108 89 148 90 83 67 137 138 146 122 92 75 66 108 123 94 64 135 66 65 107 93 56 82 94 108 113 148 141 131 126 99 71 76 92 56 93 79 144 141 51 

190
69
70
100
142
67
15
127
183
82
137
179
140
21
23
50
136
73
141
118
1
143
139
128
85
145
23
66
92
15
167
81
35
188
180
129
54
146
55
189
180
143
167
119
115
189
169
51
62
109
168
62
51
58
141
87
2
164
152
45
178
70
77
164
58
9
92
111
154
99
51
133
41
17
4
156
158
172
6
171
80
125
184
83
182
125
169
135
88
73
132
17
142
8
180
199
16
72
62
122
170
112
6
10
81
9
117
190
132
74
160
164
198
143
46
131
67
166
18
154
190
149
170
132
108
150
82
76
173
143
149
142
7
154
151
39
115
20
28
46
93
139
161
43
81
6
125
148
124
94
53
113
194
175
44
102
76
78
129
48
172
77
189
178
182
91
168
96
110
147
94
155
85
54
149
166
12
73
65
87
119
69
199
112
43
195
165
118
72
93
165
43
169
105
173
151
196
92
198
57
39
43
163
123
49
111
40
12
136
56
98
54
125
48
165
167
42
130
37
65
174
153
60
143
58
184
45
5
75
194
13
65
37
176
140
37
86
179
48
21
35
145
26
111
192
191
77
186
72
65
2
197
18
61
139
27
196
135
183
23
129
195
87
117
170
26
153
56
157
200
28
143
96
54
53
39
196
81
24
19
146
178
15
115
190
106
93
186
40
75
8
120
69
46
36
191
24
188
198
180
139
25
74
34
30
126
73
177
158
96
195
55
25
162
169
15
19
13
200
58
39
159
130
60
4
117
50
179
105
47
158
43
23
31
29
53
108
101
29
66
148
176
120
173
137
41
187
155
53
138
164
44
48
45
103
3
162
152
182
18
198
91
12
20
122
40
24
29
140
5
46
88
180
166
12
68
158
198
174
162
87
89
5
134
134
107
88
47
58
69
64
7
160
75
179
33
115
2
13
6
6
59
93
185
176
56
4
133
53
177
94
91
66
99
176
151
5
64
197
15
84
60
21
43
86
199
75
152
153
40
158
158
98
2
95
25
58
50
109
62
27
2
153
44
52
128
146
9
143
94
175
27
153
195
21
190
146
48
142
50
87
99
159
136
100
5
160
157
55
68
19
33
21
123
76
25
2
173
33
145
66
7
123
170
153
143
159
50
142
52
51
28
150
10
115
2
14
26
110
68

3033990