150
1500

143 96 114 101 145 79 107 123 131 143 108 66 146 76 145 89 62 125 56 125 69 133 107 141 64 81 83 55 120 119 66 113 66 83 116 113 112 73 138 145 118 96 61 114 74 108 53 87 83 111 62 102 146 71 145 61 102 78 66 125 148 134 88 64 67 107 79 81 130 67 128 99 113 91 63 137 149 119 74 82 80 138 134 77 59 129 140 112 110 108 139 108 92 77 74 62 134 103 93 67 120 124 68 135 65 81 74 65 102 51 149 133 91 134 112 101 65 54 115 77 112 104 135 106 83 111 70 120 116 114 89 138 88 107 123 55 90 100 70 143 101 122 78 94 58 92 97 73 96 114 

104
161
171
189
169
105
103
190
127
69
106
18
58
144
175
183
101
15
133
74
60
136
46
88
181
154
130
28
129
28
93
32
188
15
173
157
119
75
146
197
95
51
166
152
146
140
135
198
107
67
71
166
155
116
54
87
21
135
66
150
163
110
133
102
125
105
58
195
131
155
144
26
157
109
177
54
49
63
52
107
82
122
72
36
190
77
122
10
12
139
111
126
49
44
27
173
148
37
167
31
143
110
56
100
19
184
153
19
47
156
125
128
78
148
115
67
25
188
28
188
126
139
65
174
182
91
98
81
79
17
111
22
78
118
73
48
102
25
66
100
181
142
179
10
90
93
28
66
80
55
5
157
145
69
131
78
159
180
159
190
196
21
11
74
91
83
121
144
59
139
43
191
32
21
200
121
113
179
138
144
186
142
100
130
10
182
8
121
114
118
62
109
138
72
134
28
106
7
171
116
145
165
107
176
185
58
49
49
37
138
144
22
32
44
103
41
177
110
113
90
27
174
199
117
197
84
144
54
90
67
170
186
31
76
162
168
85
162
168
121
51
112
94
82
155
197
75
83
58
187
173
85
113
123
153
61
6
96
115
48
114
36
33
97
63
146
16
147
107
183
20
158
94
113
39
200
61
113
83
71
52
7
107
116
129
59
128
86
154
42
133
20
29
166
68
91
111
83
38
170
65
57
79
111
121
69
62
134
134
96
4
137
102
110
52
30
168
179
116
73
173
200
44
153
165
111
44
28
145
81
197
162
89
27
72
161
95
85
94
180
181
49
116
82
110
119
64
77
50
131
102
174
130
145
126
95
8
169
122
152
1
70
113
41
96
136
2
142
21
47
122
1
96
189
34
5
108
97
34
157
27
135
130
157
31
7
3
38
176
76
142
128
97
54
169
144
190
170
85
162
16
158
162
63
147
147
68
6
44
101
162
22
187
43
130
169
49
132
7
176
7
100
104
55
153
24
198
94
193
35
55
160
192
168
23
90
115
42
95
158
94
8
131
32
2
61
200
3
192
158
178
151
57
33
5
10
56
3
55
200
189
110
112
180
29
86
22
143
127
68
52
172
28
183
3
29
43
2
183
186
112
113
88
168
145
93
129
153
47
184
152
35
45
15
166
73
100
187
168
178
7
171
149
34
153
103
62
147
57
197
85
168
109
172
135
53
16
64
157
14
199
61
200
43
75
166
67
175
104
34
152
110
157
53
143
109
155
157
8
11
153
92
178
61
15
65
65
31
128
22
44
78
34
196
72
108
161
138
34
16
124
138
78
80
190
20
140
144
128
147
155
32
190
84
92
157
148
109
187
27
82
182
56
115
177
127
174
89
65
8
57
188
145
134
19
134
105
158
29
185
57
135
16
198
171
108
154
118
168
92
97
49
74
152
163
2
79
136
43
95
95
99
34
39
184
52
124
88
9
105
24
17
39
40
15
9
147
168
79
66
60
175
114
85
78
76
38
108
163
80
2
58
130
35
48
113
86
124
153
47
28
176
63
18
15
29
27
113
197
57
178
8
31
43
92
60
70
81
168
33
161
169
42
90
156
41
155
41
116
107
39
143
34
54
161
1
82
139
113
78
195
43
37
177
85
80
188
155
161
155
139
121
76
132
162
31
124
116
23
40
174
14
134
160
67
46
160
148
184
24
178
130
66
14
58
103
94
46
9
6
152
99
78
27
182
39
9
105
107
184
96
32
197
30
191
63
75
150
162
11
174
139
140
191
153
150
45
198
195
5
155
146
55
32
125
36
22
85
93
80
68
188
112
16
169
102
30
44
4
192
6
129
130
97
71
34
46
68
183
40
72
137
138
127
168
62
114
190
98
158
69
166
146
132
181
66
186
163
61
189
154
66
69
83
163
139
69
160
6
51
152
30
188
89
108
155
102
21
96
199
131
117
116
76
48
49
93
185
11
154
173
164
19
193
198
133
84
66
45
89
117
196
70
104
36
177
10
89
150
58
87
80
174
155
107
173
3
199
158
165
104
82
80
123
27
29
7
110
95
51
150
163
198
20
18
33
148
179
121
49
36
160
80
161
114
186
86
68
137
195
184
40
28
63
114
54
91
73
163
137
123
113
99
121
84
68
153
31
47
26
80
82
185
159
43
50
97
80
69
185
74
52
24
101
66
90
155
156
162
117
45
36
181
95
156
64
163
61
47
9
38
126
42
22
36
36
23
84
115
91
68
188
142
44
89
7
133
43
114
46
111
110
81
44
5
189
107
167
1
153
127
38
30
168
11
18
4
33
101
118
123
169
106
16
164
146
174
96
188
39
93
50
149
125
93
153
113
152
71
113
104
197
102
86
116
112
103
119
96
3
189
170
123
46
185
86
191
158
133
130
149
25
179
97
150
24
49
14
175
71
79
30
67
180
115
182
44
17
53
139
172
41
109
94
86
45
180
76
155
112
157
103
137
135
199
38
158
199
51
132
21
129
162
87
61
28
20
104
197
24
194
168
16
54
61
53
99
192
128
5
104
36
59
192
171
9
181
80
7
31
164
179
112
77
65
172
104
36
75
100
12
68
67
27
74
80
80
172
71
159
128
174
195
186
117
165
194
97
196
152
128
159
130
191
35
146
162
139
133
36
38
144
55
57
171
128
136
2
51
6
160
130
132
154
115
48
70
60
97
66
163
176
176
92
166
11
189
127
101
122
114
138
17
168
146
139
48
81
140
98
39
100
28
122
5
94
121
75
154
17
92
116
192
67
160
109
29
100
35
129
173
148
19
190
68
164
128
115
197
68
164
187
119
191
108
123
37
28
149
142
45
40
57
188
59
168
49
87
20
83
16
192
183
34
133
2
149
13
116
145
32
79
131
150
22
38
72
10
18
173
151
14
164
7
153
22
127
1
61
98
36
76
89
18
61
22
19
9
186
86
106
17
116
188
166
89
178
189
98
195
161
48
8
77
7
160
98
133
113
158
30
148
185
70
117
197
43
87
158
28
172
63
196
39
2
161
128
179
102
25
173
14
73
132
90
79
92
188
163
4
97
144
103
34
165
19
182
160
105
139
139
28
153
135
66
155
95
145
133
148
170
58
162
194
189
51
24
80
190
138
35
39
33
137
24
197
107
5
108
11
144
47
190
96
181
56
2
75
200
87
175
121
144
136
66
132
138
89
164
80
26
198
118
10
87
93
159
193
97
66
156
40
112
97
88
92
152
41
119
104
127
93
176
70
180
42
2
117
130
117
148
108
114
17
117
152
109
27
97
6
93
4
197
4
100
84
48
4
77
118
59
3
10
34
25
141
27
178
9
109
94
157
16
159
173
84
111
82
111
159
39
155
162
35
110
13
71
157
16
147
74
74
101
35
60
125
175
86
102
184
194
195
92
161
154
64
197
16
97
59
126
135
13
87
170
74
51
192
31
67

10854942