4
1500

82 117 52 83 

31
100
158
168
130
173
13
108
29
32
3
129
30
167
164
107
152
159
172
43
35
115
70
141
197
93
189
29
13
43
15
43
94
172
162
24
97
174
131
125
157
86
5
139
4
168
45
156
126
17
150
113
131
19
5
127
64
193
108
76
187
122
118
81
93
31
104
141
4
186
18
112
23
22
50
27
142
47
134
67
63
83
179
145
54
135
23
117
127
130
144
114
51
61
194
96
91
49
188
46
186
5
109
9
179
159
187
120
157
120
186
19
154
117
115
159
51
137
27
130
67
170
195
69
182
140
116
24
188
104
21
125
60
130
133
38
40
119
157
196
190
95
166
96
11
80
6
13
168
33
142
186
154
136
7
136
75
122
159
14
177
132
139
37
13
23
26
52
94
183
199
83
77
164
130
39
195
136
51
114
168
145
100
121
80
106
8
107
179
119
120
156
50
10
144
62
33
169
65
126
151
63
160
179
178
90
17
124
177
20
37
96
164
136
16
43
193
176
101
172
94
173
79
143
134
22
156
166
190
20
43
93
34
155
71
11
196
40
86
172
59
122
67
174
10
34
168
2
9
69
125
102
41
3
196
174
24
103
92
166
74
86
58
107
40
128
69
35
119
154
158
177
28
24
150
37
10
118
190
18
138
115
72
130
69
19
55
45
122
146
10
147
184
67
54
23
146
74
10
65
28
167
193
7
143
95
43
152
164
184
169
101
50
192
30
119
11
84
163
84
182
124
30
165
190
35
139
87
109
148
151
88
67
96
94
9
190
88
160
153
71
80
5
121
24
186
191
186
21
105
69
2
28
50
118
169
37
57
55
145
156
6
184
22
53
77
30
42
116
141
146
186
173
102
58
196
87
200
181
107
104
1
61
131
2
130
51
38
186
106
182
142
63
117
163
115
193
145
108
60
85
53
198
9
106
7
4
192
7
184
50
62
136
62
145
138
192
195
175
177
100
109
70
162
25
185
76
170
81
135
29
117
187
26
126
92
33
129
35
39
65
85
100
200
146
44
89
137
39
64
66
90
172
87
52
196
71
79
165
151
14
146
68
152
171
193
196
3
73
182
193
137
18
45
89
116
40
177
4
30
40
69
120
163
156
123
111
178
153
75
81
118
20
148
22
143
92
169
97
164
150
90
53
168
86
93
83
125
69
86
155
61
107
26
23
14
100
133
191
52
160
23
170
131
170
143
73
13
111
170
129
60
11
133
179
96
25
13
172
93
51
78
105
109
55
128
122
154
12
64
6
123
87
127
54
8
69
78
21
131
199
101
142
161
33
73
8
57
85
180
101
87
9
6
195
64
85
116
17
96
132
174
171
170
52
24
177
72
53
149
2
4
1
96
164
33
168
124
41
52
55
142
139
63
147
85
78
31
153
47
78
84
20
48
53
24
23
181
95
76
82
49
31
82
144
194
67
111
69
107
114
123
48
52
186
146
137
63
176
89
109
6
124
81
53
128
56
76
60
150
103
141
150
133
175
93
78
41
155
147
147
69
69
147
72
6
92
160
21
68
200
81
25
123
161
77
2
168
104
62
118
6
2
67
90
176
112
120
168
66
18
115
134
38
61
6
44
152
165
64
171
165
96
195
39
9
24
41
176
127
102
93
85
55
112
174
183
23
93
150
40
110
16
126
148
76
131
143
180
47
158
102
163
53
49
154
61
72
194
37
198
47
81
82
53
192
8
35
166
52
137
158
114
152
83
13
180
165
155
159
163
64
12
126
116
60
79
177
131
24
165
81
22
45
114
74
189
121
61
106
125
149
63
38
52
145
50
31
61
156
141
24
19
153
101
134
164
131
62
95
154
26
127
127
23
192
152
163
113
164
68
189
112
131
26
116
27
75
146
88
30
39
63
48
143
163
133
106
93
195
152
198
172
78
124
146
70
27
108
134
191
176
122
54
58
99
169
36
125
67
75
154
105
137
153
47
51
37
104
143
31
56
92
155
85
167
100
106
194
160
39
136
135
112
189
144
162
158
179
86
176
54
39
80
142
143
78
193
180
181
135
162
188
179
116
73
145
168
178
138
79
169
73
13
32
14
108
194
123
86
79
98
91
70
177
33
12
6
25
143
138
111
105
78
89
172
150
186
91
79
123
169
199
148
133
183
113
40
176
35
78
6
132
168
75
60
152
39
65
128
133
154
39
37
31
79
161
132
64
51
163
139
172
161
38
104
95
150
96
70
184
125
28
115
92
54
126
196
92
190
123
25
95
113
13
78
192
173
9
7
176
171
145
147
84
182
2
178
83
49
200
66
173
27
132
17
80
57
12
124
198
86
100
93
199
112
170
142
37
130
148
164
101
93
62
136
26
63
113
61
64
64
126
36
90
10
52
122
66
15
197
64
101
96
108
99
7
29
192
195
158
139
158
10
183
19
97
161
34
162
21
97
25
146
132
67
107
136
188
173
102
184
188
2
31
95
52
189
75
43
184
32
134
141
194
116
112
90
76
145
51
96
193
76
194
76
94
100
163
33
24
65
168
11
18
198
105
70
186
131
64
169
163
197
62
108
113
125
197
140
21
200
36
13
75
181
40
120
80
3
152
104
67
119
66
84
116
171
105
53
101
169
174
15
117
35
122
181
111
71
121
131
70
108
95
96
88
134
15
119
136
166
174
154
84
40
190
151
162
94
3
14
14
176
29
131
162
102
63
72
124
183
154
193
90
48
88
129
134
54
48
21
19
21
175
54
60
164
156
173
9
111
187
23
38
15
105
200
68
167
23
192
150
177
136
191
176
176
72
109
29
119
130
200
91
56
5
103
19
161
75
179
71
61
1
108
27
105
59
47
24
34
190
125
162
125
115
137
100
186
198
81
56
79
80
99
134
84
1
104
196
75
82
66
88
35
126
114
91
136
160
114
169
101
38
130
26
105
19
77
42
16
157
98
94
188
148
179
24
148
34
171
174
115
189
61
101
114
127
192
1
38
105
170
139
95
99
164
199
117
192
40
84
101
89
129
40
36
107
63
135
140
186
109
7
174
169
59
39
47
50
39
85
107
8
23
1
59
138
199
175
129
190
11
181
31
139
21
66
198
35
1
89
20
61
47
193
181
106
31
28
107
70
112
13
77
86
13
87
175
163
62
103
153
24
36
183
162
56
200
159
90
152
48
62
164
46
54
145
151
37
172
58
106
35
22
134
120
35
21
94
149
34
148
53
57
183
187
170
190
187
81
32
90
128
93
54
125
98
198
76
134
121
85
191
155
106
125
26
92
97
71
41
82
170
93
90
105
80
59
94
18
139
125
59
18
169
112
143
67
61
170
200
181
54
191
87
159
67
64
51
163
134
43
44
104
135
133
8
166
143
53
183
82
178
42
51
146
105
193
12
118
162
164
98
167
154
137
126
20
200
128
134
134
170
129
189
56
13
196

10389984