4
1500

75 79 66 116 

80
170
176
21
62
91
79
83
23
12
155
172
130
100
78
158
1
69
95
4
115
46
12
148
47
95
63
72
176
31
139
8
200
66
28
61
156
58
95
130
21
1
101
102
52
179
59
52
199
106
8
65
151
171
12
198
18
26
21
193
56
159
200
7
176
179
19
131
36
113
60
8
113
113
110
165
43
168
168
41
73
127
57
176
50
21
125
67
46
145
59
54
56
11
60
31
141
79
114
129
143
125
136
8
37
45
124
79
165
91
71
37
170
128
164
171
100
88
37
145
33
47
198
88
9
10
70
150
88
183
78
30
108
165
37
96
10
112
175
174
3
197
162
124
76
126
94
175
13
82
120
197
128
69
36
89
30
106
38
117
88
67
99
147
31
87
43
40
199
169
165
153
165
127
28
41
52
121
167
16
154
38
165
81
107
200
169
136
57
158
5
145
24
55
43
55
141
37
46
91
5
11
195
122
89
22
114
92
142
80
107
47
118
23
128
176
23
48
63
79
158
67
175
181
73
170
187
166
6
185
56
11
147
51
84
35
72
197
126
166
76
184
164
145
7
91
120
181
91
135
11
48
1
186
180
26
107
119
191
112
103
198
74
49
200
157
35
24
153
160
141
181
143
104
125
101
195
45
81
37
179
92
36
131
29
167
108
135
85
98
198
139
48
72
139
47
28
173
70
181
132
10
161
27
114
85
127
60
81
160
96
11
3
83
94
31
49
153
117
134
51
114
24
98
137
163
144
165
87
166
145
171
175
57
197
88
93
75
147
126
34
194
88
36
28
181
18
77
134
86
162
136
152
185
185
88
99
80
52
186
45
148
156
20
156
104
59
49
130
6
174
116
151
61
151
179
194
121
7
79
6
168
166
109
104
150
197
3
29
48
140
26
148
95
45
103
150
103
103
79
60
76
194
163
89
97
93
34
169
99
112
126
66
77
35
169
178
31
123
6
30
62
183
129
108
27
32
57
82
134
88
93
162
81
55
2
177
99
35
97
197
98
23
14
126
57
135
103
87
57
60
68
71
43
197
178
21
28
187
102
113
74
147
26
154
1
27
83
100
13
179
48
110
1
62
35
57
196
89
95
4
149
163
74
191
159
52
163
138
38
65
50
111
11
76
16
163
54
98
14
67
29
62
176
181
75
163
38
70
51
84
73
151
46
99
141
156
150
104
93
139
120
143
1
82
170
16
196
175
66
10
41
46
23
169
26
49
131
15
118
133
99
142
84
96
40
176
52
141
31
144
31
102
38
31
183
159
199
179
134
16
140
174
13
114
94
38
162
176
5
31
109
103
172
144
198
164
119
1
56
102
145
87
3
134
69
138
93
19
68
26
34
159
151
46
72
197
36
185
172
40
15
80
94
138
175
43
53
46
44
109
147
140
147
101
73
15
190
117
186
57
94
19
167
197
17
190
193
4
174
164
195
140
196
88
30
170
82
82
15
77
142
113
16
40
14
41
7
3
157
192
12
3
10
178
199
178
168
191
181
93
106
127
33
101
14
62
23
48
95
37
124
189
102
92
28
115
132
186
69
40
177
32
42
139
10
192
68
129
134
49
21
40
175
5
140
141
18
114
188
65
103
63
53
4
154
32
70
37
18
138
77
146
122
70
84
83
14
152
11
147
152
183
186
78
188
78
170
5
191
109
21
93
172
73
48
77
57
117
114
26
7
142
171
128
163
7
10
176
110
172
123
13
154
60
42
93
137
12
50
80
72
70
124
43
95
172
120
151
88
185
128
94
126
50
173
88
56
134
16
117
105
138
129
11
197
171
103
86
134
104
165
5
174
88
48
68
59
119
170
99
55
49
144
132
98
117
19
106
50
34
22
107
123
103
117
72
73
171
157
6
75
73
162
48
160
161
67
171
79
188
21
85
36
164
16
85
32
187
190
82
172
164
140
95
66
56
166
90
178
74
95
52
146
8
51
57
169
117
179
199
56
199
84
43
163
99
128
146
37
117
179
9
80
118
103
97
125
20
186
103
45
32
154
190
40
157
198
8
73
177
6
81
175
89
123
89
140
50
187
176
119
165
184
150
83
38
47
159
9
184
61
5
16
167
146
55
123
144
14
147
120
19
27
46
60
150
87
151
151
73
126
21
189
62
171
71
51
169
30
12
152
42
16
167
8
162
173
82
105
186
29
176
157
7
173
16
108
11
166
59
35
43
79
24
56
1
46
107
169
27
118
121
21
85
39
28
46
164
62
102
149
90
29
57
48
154
24
156
164
141
166
151
184
44
126
39
197
171
97
165
150
166
37
170
51
28
149
48
191
10
102
91
51
130
148
99
35
171
6
151
64
171
101
47
166
26
37
162
148
86
79
49
51
115
18
53
94
119
53
84
80
154
175
83
35
74
133
70
196
138
172
59
108
72
57
73
49
46
187
148
131
65
197
133
131
166
138
25
36
142
108
116
95
34
198
81
59
130
102
7
67
73
17
126
96
74
150
96
119
136
44
1
152
192
85
83
109
174
59
145
115
166
60
9
152
9
42
162
138
143
168
156
168
185
81
63
10
182
159
80
118
154
80
21
97
116
103
5
90
113
149
4
31
160
165
182
168
158
95
105
52
63
12
19
199
92
34
8
74
144
39
143
97
118
163
193
185
18
149
74
130
98
30
160
9
146
93
177
103
140
33
154
2
45
173
152
88
158
111
113
101
149
55
149
18
170
93
2
139
41
28
20
90
9
132
99
154
176
27
56
115
59
161
116
55
85
19
95
42
129
7
142
77
14
42
94
183
134
96
73
175
75
92
64
83
23
114
36
199
140
43
113
151
3
181
5
88
199
51
129
80
58
23
156
71
64
50
5
198
97
77
124
123
120
187
5
143
53
192
93
192
34
157
142
36
89
99
75
40
149
4
119
6
178
74
28
41
75
184
190
123
60
113
197
180
52
1
74
104
144
118
47
177
74
189
165
115
87
191
154
187
146
72
145
123
97
172
116
124
156
57
198
167
170
195
98
173
147
171
28
91
40
74
19
66
14
135
180
52
126
85
39
71
156
183
146
4
106
61
79
61
117
77
28
38
23
77
162
169
200
141
11
39
15
182
104
180
116
35
32
193
119
22
16
26
4
161
30
61
173
108
122
89
136
101
79
158
177
40
79
176
181
41
167
147
22
22
78
90
57
109
82
127
82
97
153
37
9
134
98
181
193
171
70
81
71
100
38
199
139
68
127
71
109
93
169
130
114
47
19
122
107
53
49
189
149
153
25
110
86
122
90
30
44
111
110
114
10
148
65
101
167
191
123
75
83
92
157
196
138
175
70
196
27
118
184
128
70
161
37
107
34
78
136
78
189
46
191
150
145
55
50
111
197
125
138
79
16
94
27
105
20
96
100
199
165
84
126
34
44
114
140
77
143
27
154
131
72
97

13747179