100
200

100 77 136 86 137 107 110 60 64 120 137 116 75 101 89 119 139 118 56 105 107 69 80 52 133 67 121 61 59 109 57 110 136 95 98 75 52 111 85 118 81 125 137 58 76 76 128 118 144 134 125 53 105 55 107 140 124 78 52 134 137 59 146 75 56 94 100 58 107 88 78 138 63 65 147 141 91 77 109 137 61 136 92 68 142 50 58 68 78 60 104 118 121 100 95 127 97 146 87 54 

135
67
146
100
182
43
91
176
122
51
15
133
137
58
151
181
58
111
52
138
122
106
58
145
57
104
23
4
152
160
160
38
178
105
137
160
99
27
135
20
29
101
104
118
158
6
98
167
117
149
105
190
7
114
134
63
17
108
18
120
20
129
157
197
34
93
108
84
120
194
104
148
95
159
65
52
165
115
171
33
15
27
22
21
140
107
35
109
15
52
28
34
181
185
182
166
77
90
49
148
83
104
48
129
63
64
133
179
178
103
163
145
129
184
117
68
90
152
128
56
3
156
41
135
140
23
52
168
64
101
68
98
156
115
27
170
178
159
148
108
61
62
4
141
45
120
160
87
71
88
94
26
43
135
112
134
109
164
53
124
64
120
21
171
186
47
141
116
157
40
23
169
102
178
109
98
97
69
136
168
156
30
145
150
116
56
35
176
19
87
99
34
159
119
157
144
118
97
59
26

1124145