100
200

102 70 148 62 58 58 88 98 148 109 111 69 81 90 62 142 143 62 53 139 100 124 59 55 102 79 84 122 127 71 118 80 144 68 144 104 77 135 52 127 94 114 98 126 106 110 70 99 122 125 140 124 51 102 129 103 131 116 128 108 89 148 90 83 67 137 138 146 122 92 75 66 108 123 94 64 135 66 65 107 93 56 82 94 108 113 148 141 131 126 99 71 76 92 56 93 79 144 141 51 

190
69
70
100
142
67
15
127
183
82
137
179
140
21
23
50
136
73
141
118
1
143
139
128
85
145
23
66
92
15
167
81
35
188
180
129
54
146
55
189
180
143
167
119
115
189
169
51
62
109
168
62
51
58
141
87
2
164
152
45
178
70
77
164
58
9
92
111
154
99
51
133
41
17
4
156
158
172
6
171
80
125
184
83
182
125
169
135
88
73
132
17
142
8
180
199
16
72
62
122
170
112
6
10
81
9
117
190
132
74
160
164
198
143
46
131
67
166
18
154
190
149
170
132
108
150
82
76
173
143
149
142
7
154
151
39
115
20
28
46
93
139
161
43
81
6
125
148
124
94
53
113
194
175
44
102
76
78
129
48
172
77
189
178
182
91
168
96
110
147
94
155
85
54
149
166
12
73
65
87
119
69
199
112
43
195
165
118
72
93
165
43
169
105
173
151
196
92
198
57

1331406