100
200

85 82 144 138 59 52 136 56 72 71 75 127 52 71 128 67 78 62 142 97 101 92 82 59 111 138 54 80 86 65 105 74 97 99 62 59 54 100 117 76 74 94 106 76 115 84 146 143 149 90 142 100 133 127 61 146 67 65 76 104 80 131 128 80 133 140 89 137 143 56 115 67 52 123 93 117 110 141 62 109 82 107 111 117 84 74 113 101 89 139 107 72 72 85 54 55 128 145 94 121 

54
163
89
56
36
84
75
196
176
87
55
160
144
168
27
130
192
142
182
184
131
139
58
5
27
162
11
105
109
7
128
162
169
16
17
5
51
91
200
178
129
7
137
25
126
115
154
118
56
135
101
138
26
158
143
52
71
105
156
179
111
83
140
80
50
108
36
100
150
187
30
78
193
166
102
119
33
56
188
40
142
88
178
167
197
120
170
19
24
77
149
86
111
40
117
112
147
152
12
48
139
193
77
83
158
131
153
142
138
140
182
79
179
159
198
127
30
119
145
5
196
93
90
106
84
7
18
30
110
181
29
48
173
106
83
82
36
35
24
173
127
5
3
105
115
152
32
96
71
128
100
18
173
141
123
56
99
92
38
9
24
66
8
148
123
90
30
110
77
5
34
3
161
37
59
75
140
90
170
162
170
21
179
94
161
54
149
60
145
138
20
121
156
179
68
78
69
49
188
97

1160016