50
1000

112 138 149 77 90 135 113 67 83 94 120 139 73 100 68 53 116 71 107 146 95 57 98 116 63 122 51 136 79 111 84 141 52 136 121 92 121 136 62 106 80 84 96 103 134 66 59 100 87 68 

100
84
126
48
50
39
72
103
77
53
64
164
45
118
50
16
161
73
2
25
29
185
59
27
190
43
143
199
94
81
118
193
116
195
192
117
186
15
19
62
68
34
177
64
152
26
79
64
98
32
88
79
16
146
57
6
140
200
4
33
32
73
177
99
20
120
15
5
87
185
18
106
18
195
169
121
172
199
184
22
30
23
100
198
168
156
3
108
107
158
92
138
183
21
36
2
92
2
158
178
186
127
35
156
121
3
76
93
153
12
66
135
34
165
132
154
72
134
13
179
43
104
68
25
76
56
178
168
57
135
145
195
14
180
150
134
134
25
178
87
36
43
173
70
159
104
175
31
189
187
161
31
90
180
8
166
35
137
85
92
24
29
86
37
160
187
122
94
11
100
132
199
94
56
20
5
159
194
187
99
180
147
129
21
126
88
138
113
25
22
156
200
51
193
36
162
179
157
7
141
8
90
139
54
145
110
58
103
103
44
1
34
142
82
55
19
121
192
131
97
14
86
96
16
30
131
177
8
88
184
149
47
25
87
100
170
197
157
72
51
152
25
85
45
58
91
64
178
82
146
27
47
184
122
62
13
53
191
21
92
126
169
138
150
7
190
119
155
146
143
158
50
119
194
94
176
84
157
105
165
55
131
12
38
53
25
2
57
15
22
100
140
142
189
42
101
178
160
7
76
54
116
125
172
109
18
147
192
127
4
157
133
134
120
122
138
144
123
146
111
97
197
2
190
186
43
42
115
3
49
190
8
164
66
180
73
36
78
64
162
81
172
46
167
43
167
56
187
89
154
49
185
150
50
127
135
93
168
50
47
16
191
54
132
57
33
156
92
111
171
5
143
143
50
109
137
168
117
123
56
70
171
193
19
173
119
106
65
86
107
63
54
97
68
185
105
101
92
148
163
62
152
57
156
153
118
93
120
34
167
128
55
90
120
73
62
190
178
78
27
36
140
80
85
7
16
189
59
107
137
173
121
40
30
76
145
99
120
64
84
87
143
138
176
14
10
189
3
140
66
30
175
157
61
59
115
29
200
126
135
88
50
7
127
31
83
71
129
2
87
12
40
29
149
15
43
111
155
197
2
172
178
128
128
39
139
195
67
138
72
153
25
121
160
103
152
194
174
80
147
12
44
187
40
144
153
34
54
108
31
55
31
8
183
159
198
121
105
16
10
176
169
34
96
80
136
199
25
61
31
171
72
74
109
64
17
62
97
71
121
127
77
151
87
59
61
36
131
165
52
140
92
172
125
140
51
13
138
27
73
168
197
97
41
106
160
10
119
56
32
39
135
108
141
173
119
2
8
1
118
59
141
10
182
17
149
184
29
38
10
54
6
7
150
198
64
61
7
134
116
38
172
2
98
64
174
16
65
134
16
135
144
108
144
126
77
44
109
57
81
119
110
38
77
11
36
92
71
194
25
139
32
148
92
129
11
18
96
28
151
63
162
94
171
57
171
199
100
80
55
132
150
165
122
178
127
157
21
150
150
45
88
133
144
179
13
154
196
108
181
98
123
142
144
93
198
114
43
49
145
97
133
46
13
54
175
140
162
195
89
111
191
128
196
134
58
8
40
54
68
20
103
190
114
46
34
63
160
76
64
56
124
196
102
137
1
76
28
162
71
116
72
61
195
19
147
52
27
186
57
46
157
160
35
22
5
20
85
164
47
100
20
170
95
73
106
95
148
133
8
170
200
31
183
194
50
129
46
28
66
54
73
22
13
59
44
18
30
80
133
76
179
104
45
25
176
151
71
124
83
78
93
35
108
27
28
157
155
25
184
20
79
8
194
91
66
37
60
95
116
193
122
46
96
167
70
72
117
140
147
151
17
191
137
124
18
165
81
124
141
16
96
171
24
89
14
41
77
73
88
192
17
9
37
113
127
106
136
43
45
82
146
13
24
82
136
41
198
168
165
91
184
60
61
159
100
26
151
176
99
38
167
67
199
155
179
125
12
66
120
8
99
17
20
123
50
107
163
48
75
79
90
10
90
102
168
189
128
118
164
178
108
82
44
58
188
175
134
151
40
5
158
139
21
129
61
71
36
175
70
62
54
111
71
143
12
38
84
139
107
199
68
166
81
112
23
20
38
109
171
77
113
128
167
134
9
179
156
196
154
177
57
159
87
127
53
98
116
136
189
174
135
8
140
167
119
114
186
108
22
156
185
87
36
103
172
44
82
127
39
35
55
47
193
141
173
45
190
40
133
130
13
67
138
152
33
8
18
170
116
191
126
52
77
113
154
48
156
35
126

6548451