50
1000

113 93 97 94 52 52 111 101 131 67 147 140 61 69 71 89 73 78 89 54 95 137 129 115 61 117 107 147 123 111 136 138 54 83 83 56 137 96 107 118 113 56 109 124 128 82 64 51 62 55 

6
59
93
185
176
56
4
133
53
177
94
91
66
99
176
151
5
64
197
15
84
60
21
43
86
199
75
152
153
40
158
158
98
2
95
25
58
50
109
62
27
2
153
44
52
128
146
9
143
94
175
27
153
195
21
190
146
48
142
50
87
99
159
136
100
5
160
157
55
68
19
33
21
123
76
25
2
173
33
145
66
7
123
170
153
143
159
50
142
52
51
28
150
10
115
2
14
26
110
68
93
80
100
66
2
127
90
156
51
74
100
116
32
174
37
184
68
196
186
10
47
36
189
149
197
104
150
11
129
11
30
174
91
82
39
44
160
80
199
11
153
98
78
184
23
115
119
91
62
56
52
60
44
192
8
40
47
109
2
128
120
184
101
162
17
91
5
176
122
4
138
74
53
168
9
76
34
127
118
95
183
121
154
26
112
114
17
159
174
171
86
93
154
138
6
170
180
11
145
101
14
35
126
66
2
134
93
35
60
162
81
194
82
186
171
146
99
140
104
73
110
141
117
63
30
123
32
161
133
128
13
98
114
138
115
67
23
8
53
34
121
133
28
3
119
150
148
17
89
3
41
198
95
158
60
124
32
43
36
164
123
48
13
36
185
127
55
7
86
107
192
7
40
19
9
110
121
108
78
9
110
119
7
4
28
18
79
59
13
114
22
135
113
186
122
49
112
176
7
198
35
198
4
74
169
164
135
89
71
12
97
132
130
55
87
109
25
165
167
37
30
140
123
94
125
196
142
37
172
148
186
158
97
189
31
65
104
117
153
126
128
2
57
10
56
143
118
80
59
37
68
88
176
190
181
53
186
74
89
109
173
26
66
69
166
48
134
69
164
38
194
91
39
50
52
95
144
170
126
2
158
194
89
133
183
21
185
120
46
25
180
18
50
45
38
15
44
123
35
7
161
28
50
199
29
53
45
172
174
123
173
131
116
13
64
50
185
200
122
30
177
101
199
178
146
37
193
141
159
179
100
119
159
149
70
187
153
66
111
127
188
83
57
55
48
72
105
32
24
26
14
200
126
12
177
23
48
121
116
7
100
15
125
58
115
146
196
67
12
106
193
151
141
2
6
188
73
62
171
48
39
184
47
164
196
176
139
195
48
54
1
99
68
78
108
134
23
104
200
186
161
145
89
101
146
46
40
170
107
163
18
145
146
16
60
93
143
150
88
191
155
40
89
174
117
197
107
92
52
107
29
12
51
117
65
196
114
104
117
20
66
134
116
164
102
176
8
44
77
95
34
32
135
123
5
3
71
112
94
122
18
75
85
20
143
149
167
57
5
83
76
22
169
144
185
70
71
193
113
147
39
147
178
125
21
135
128
43
46
173
116
15
47
200
186
190
149
152
198
105
34
73
126
2
16
63
71
38
7
136
185
45
34
114
122
54
48
49
48
45
173
163
11
172
162
196
113
62
147
110
166
133
134
92
86
102
154
109
139
160
44
123
156
77
189
77
82
36
77
129
33
2
91
43
173
4
191
85
66
89
194
31
21
79
74
59
180
27
167
119
138
162
193
46
38
181
122
71
169
151
199
1
152
41
195
124
44
185
160
61
74
105
92
46
183
165
104
163
144
22
81
33
183
73
78
172
6
152
42
174
102
192
126
5
32
120
80
28
57
39
88
82
95
131
79
77
48
183
191
191
156
71
175
139
96
5
110
53
156
152
26
9
143
103
165
127
22
44
106
30
34
193
63
128
76
142
156
123
76
147
65
31
169
39
169
64
43
31
68
150
182
93
158
76
195
122
154
169
117
59
150
150
4
13
29
79
106
185
1
181
131
65
163
99
55
84
115
50
114
182
199
47
75
109
122
21
182
76
141
99
86
91
200
89
55
29
167
160
13
167
92
143
183
54
41
190
137
107
39
50
89
189
96
115
97
170
135
31
197
28
129
82
70
128
171
124
108
89
35
120
8
126
14
190
179
55
131
68
161
169
69
1
158
117
115
6
86
2
36
34
29
116
67
98
196
189
173
103
78
7
23
85
132
36
26
62
42
157
129
155
77
150
155
186
66
22
192
103
23
179
136
3
95
154
100
90
143
72
144
20
30
118
56
161
154
33
174
147
189
55
53
18
4
8
3
21
181
194
123
3
125
10
5
19
163
56
60
105
79
3
76
108
121
83
20
26
116
193
124
104
199
177
73
2
136
76
22
116
21
96
70
145
105
74
115
68
129
174
124
159
129
152
66
1
34
37
178
149
29
101
5
28
29
77
181
116
152
3
31
125
50
100
69
155
125
136
174
5
61
49

6451785