10
200

80 88 107 54 76 111 60 54 58 56 

128
162
169
16
17
5
51
91
200
178
129
7
137
25
126
115
154
118
56
135
101
138
26
158
143
52
71
105
156
179
111
83
140
80
50
108
36
100
150
187
30
78
193
166
102
119
33
56
188
40
142
88
178
167
197
120
170
19
24
77
149
86
111
40
117
112
147
152
12
48
139
193
77
83
158
131
153
142
138
140
182
79
179
159
198
127
30
119
145
5
196
93
90
106
84
7
18
30
110
181
29
48
173
106
83
82
36
35
24
173
127
5
3
105
115
152
32
96
71
128
100
18
173
141
123
56
99
92
38
9
24
66
8
148
123
90
30
110
77
5
34
3
161
37
59
75
140
90
170
162
170
21
179
94
161
54
149
60
145
138
20
121
156
179
68
78
69
49
188
97
53
21
99
13
9
109
39
149
199
160
62
120
132
41
13
93
94
113
104
190
51
75
110
6
53
130
35
73
178
22

1274745