10
200

100 77 136 86 137 107 110 60 64 120 

188
167
26
52
140
170
190
169
7
56
158
20
31
3
184
118
172
12
110
160
108
161
87
146
149
126
103
62
36
69
132
176
188
109
27
127
79
169
95
85
176
4
56
6
158
191
75
129
3
185
88
110
97
126
7
45
51
109
58
39
129
189
14
116
98
192
42
128
160
88
12
87
43
19
93
1
9
119
129
11
55
169
72
151
46
78
148
97
138
5
135
67
146
100
182
43
91
176
122
51
15
133
137
58
151
181
58
111
52
138
122
106
58
145
57
104
23
4
152
160
160
38
178
105
137
160
99
27
135
20
29
101
104
118
158
6
98
167
117
149
105
190
7
114
134
63
17
108
18
120
20
129
157
197
34
93
108
84
120
194
104
148
95
159
65
52
165
115
171
33
15
27
22
21
140
107
35
109
15
52
28
34
181
185
182
166
77
90
49
148
83
104
48
129
63
64
133
179
178
103

1543464