10
200

112 94 78 133 66 117 139 101 77 105 

3
156
41
135
140
23
52
168
64
101
68
98
156
115
27
170
178
159
148
108
61
62
4
141
45
120
160
87
71
88
94
26
43
135
112
134
109
164
53
124
64
120
21
171
186
47
141
116
157
40
23
169
102
178
109
98
97
69
136
168
156
30
145
150
116
56
35
176
19
87
99
34
159
119
157
144
118
97
59
26
136
33
195
189
10
103
87
107
123
22
26
78
3
122
179
118
129
13
93
148
52
143
133
10
62
89
105
131
137
116
156
25
148
150
13
110
5
51
168
127
25
145
157
27
66
135
97
194
100
141
93
151
84
178
112
97
18
16
27
155
131
182
179
31
84
191
140
88
194
107
166
18
3
74
44
68
161
92
13
60
33
58
162
68
35
25
164
52
40
190
158
123
123
136
105
6
79
196
45
72
54
163
89
56
36
84
75
196
176
87
55
160
144
168
27
130
192
142
182
184

1473489