150
1000

100 77 136 86 137 107 110 60 64 120 137 116 75 101 89 119 139 118 56 105 107 69 80 52 133 67 121 61 59 109 57 110 136 95 98 75 52 111 85 118 81 125 137 58 76 76 128 118 144 134 125 53 105 55 107 140 124 78 52 134 137 59 146 75 56 94 100 58 107 88 78 138 63 65 147 141 91 77 109 137 61 136 92 68 142 50 58 68 78 60 104 118 121 100 95 127 97 146 87 54 84 116 95 149 131 92 140 125 71 100 64 82 86 107 100 130 107 60 101 87 71 55 107 94 106 53 72 53 101 109 109 87 127 54 86 109 148 76 84 69 78 50 53 67 107 55 147 116 66 98 

105
190
7
114
134
63
17
108
18
120
20
129
157
197
34
93
108
84
120
194
104
148
95
159
65
52
165
115
171
33
15
27
22
21
140
107
35
109
15
52
28
34
181
185
182
166
77
90
49
148
83
104
48
129
63
64
133
179
178
103
163
145
129
184
117
68
90
152
128
56
3
156
41
135
140
23
52
168
64
101
68
98
156
115
27
170
178
159
148
108
61
62
4
141
45
120
160
87
71
88
94
26
43
135
112
134
109
164
53
124
64
120
21
171
186
47
141
116
157
40
23
169
102
178
109
98
97
69
136
168
156
30
145
150
116
56
35
176
19
87
99
34
159
119
157
144
118
97
59
26
136
33
195
189
10
103
87
107
123
22
26
78
3
122
179
118
129
13
93
148
52
143
133
10
62
89
105
131
137
116
156
25
148
150
13
110
5
51
168
127
25
145
157
27
66
135
97
194
100
141
93
151
84
178
112
97
18
16
27
155
131
182
179
31
84
191
140
88
194
107
166
18
3
74
44
68
161
92
13
60
33
58
162
68
35
25
164
52
40
190
158
123
123
136
105
6
79
196
45
72
54
163
89
56
36
84
75
196
176
87
55
160
144
168
27
130
192
142
182
184
131
139
58
5
27
162
11
105
109
7
128
162
169
16
17
5
51
91
200
178
129
7
137
25
126
115
154
118
56
135
101
138
26
158
143
52
71
105
156
179
111
83
140
80
50
108
36
100
150
187
30
78
193
166
102
119
33
56
188
40
142
88
178
167
197
120
170
19
24
77
149
86
111
40
117
112
147
152
12
48
139
193
77
83
158
131
153
142
138
140
182
79
179
159
198
127
30
119
145
5
196
93
90
106
84
7
18
30
110
181
29
48
173
106
83
82
36
35
24
173
127
5
3
105
115
152
32
96
71
128
100
18
173
141
123
56
99
92
38
9
24
66
8
148
123
90
30
110
77
5
34
3
161
37
59
75
140
90
170
162
170
21
179
94
161
54
149
60
145
138
20
121
156
179
68
78
69
49
188
97
53
21
99
13
9
109
39
149
199
160
62
120
132
41
13
93
94
113
104
190
51
75
110
6
53
130
35
73
178
22
169
31
195
19
195
155
128
186
103
78
145
165
149
77
157
161
121
50
73
176
191
75
2
53
80
54
182
67
79
159
40
199
141
34
18
88
189
97
73
43
126
17
159
74
45
115
186
117
116
58
44
107
133
45
159
164
99
92
182
177
50
22
127
143
7
144
30
195
192
102
190
69
70
100
142
67
15
127
183
82
137
179
140
21
23
50
136
73
141
118
1
143
139
128
85
145
23
66
92
15
167
81
35
188
180
129
54
146
55
189
180
143
167
119
115
189
169
51
62
109
168
62
51
58
141
87
2
164
152
45
178
70
77
164
58
9
92
111
154
99
51
133
41
17
4
156
158
172
6
171
80
125
184
83
182
125
169
135
88
73
132
17
142
8
180
199
16
72
62
122
170
112
6
10
81
9
117
190
132
74
160
164
198
143
46
131
67
166
18
154
190
149
170
132
108
150
82
76
173
143
149
142
7
154
151
39
115
20
28
46
93
139
161
43
81
6
125
148
124
94
53
113
194
175
44
102
76
78
129
48
172
77
189
178
182
91
168
96
110
147
94
155
85
54
149
166
12
73
65
87
119
69
199
112
43
195
165
118
72
93
165
43
169
105
173
151
196
92
198
57
39
43
163
123
49
111
40
12
136
56
98
54
125
48
165
167
42
130
37
65
174
153
60
143
58
184
45
5
75
194
13
65
37
176
140
37
86
179
48
21
35
145
26
111
192
191
77
186
72
65
2
197
18
61
139
27
196
135
183
23
129
195
87
117
170
26
153
56
157
200
28
143
96
54
53
39
196
81
24
19
146
178
15
115
190
106
93
186
40
75
8
120
69
46
36
191
24
188
198
180
139
25
74
34
30
126
73
177
158
96
195
55
25
162
169
15
19
13
200
58
39
159
130
60
4
117
50
179
105
47
158
43
23
31
29
53
108
101
29
66
148
176
120
173
137
41
187
155
53
138
164
44
48
45
103
3
162
152
182
18
198
91
12
20
122
40
24
29
140
5
46
88
180
166
12
68
158
198
174
162
87
89
5
134
134
107
88
47
58
69
64
7
160
75
179
33
115
2
13
6
6
59
93
185
176
56
4
133
53
177
94
91
66
99
176
151
5
64
197
15
84
60
21
43
86
199
75
152
153
40
158
158
98
2
95
25
58
50
109
62
27
2
153
44
52
128
146
9
143
94

5531735