150
1000

110 80 139 129 57 115 84 86 134 141 73 78 135 86 109 136 71 143 60 149 81 148 143 105 69 54 108 143 136 148 129 96 78 70 75 137 87 62 74 71 105 149 100 142 85 111 128 106 56 90 57 139 88 103 94 59 107 52 52 93 50 83 91 131 104 68 70 141 80 146 63 135 145 65 79 80 126 57 137 133 98 96 74 136 149 119 146 106 121 100 101 74 134 94 107 140 113 127 131 95 76 96 133 71 111 62 102 140 70 141 75 118 87 99 56 139 68 104 95 92 107 99 68 143 143 125 133 106 54 114 104 80 61 87 102 74 51 106 64 71 149 89 91 138 91 50 127 109 56 125 

54
116
125
172
109
18
147
192
127
4
157
133
134
120
122
138
144
123
146
111
97
197
2
190
186
43
42
115
3
49
190
8
164
66
180
73
36
78
64
162
81
172
46
167
43
167
56
187
89
154
49
185
150
50
127
135
93
168
50
47
16
191
54
132
57
33
156
92
111
171
5
143
143
50
109
137
168
117
123
56
70
171
193
19
173
119
106
65
86
107
63
54
97
68
185
105
101
92
148
163
62
152
57
156
153
118
93
120
34
167
128
55
90
120
73
62
190
178
78
27
36
140
80
85
7
16
189
59
107
137
173
121
40
30
76
145
99
120
64
84
87
143
138
176
14
10
189
3
140
66
30
175
157
61
59
115
29
200
126
135
88
50
7
127
31
83
71
129
2
87
12
40
29
149
15
43
111
155
197
2
172
178
128
128
39
139
195
67
138
72
153
25
121
160
103
152
194
174
80
147
12
44
187
40
144
153
34
54
108
31
55
31
8
183
159
198
121
105
16
10
176
169
34
96
80
136
199
25
61
31
171
72
74
109
64
17
62
97
71
121
127
77
151
87
59
61
36
131
165
52
140
92
172
125
140
51
13
138
27
73
168
197
97
41
106
160
10
119
56
32
39
135
108
141
173
119
2
8
1
118
59
141
10
182
17
149
184
29
38
10
54
6
7
150
198
64
61
7
134
116
38
172
2
98
64
174
16
65
134
16
135
144
108
144
126
77
44
109
57
81
119
110
38
77
11
36
92
71
194
25
139
32
148
92
129
11
18
96
28
151
63
162
94
171
57
171
199
100
80
55
132
150
165
122
178
127
157
21
150
150
45
88
133
144
179
13
154
196
108
181
98
123
142
144
93
198
114
43
49
145
97
133
46
13
54
175
140
162
195
89
111
191
128
196
134
58
8
40
54
68
20
103
190
114
46
34
63
160
76
64
56
124
196
102
137
1
76
28
162
71
116
72
61
195
19
147
52
27
186
57
46
157
160
35
22
5
20
85
164
47
100
20
170
95
73
106
95
148
133
8
170
200
31
183
194
50
129
46
28
66
54
73
22
13
59
44
18
30
80
133
76
179
104
45
25
176
151
71
124
83
78
93
35
108
27
28
157
155
25
184
20
79
8
194
91
66
37
60
95
116
193
122
46
96
167
70
72
117
140
147
151
17
191
137
124
18
165
81
124
141
16
96
171
24
89
14
41
77
73
88
192
17
9
37
113
127
106
136
43
45
82
146
13
24
82
136
41
198
168
165
91
184
60
61
159
100
26
151
176
99
38
167
67
199
155
179
125
12
66
120
8
99
17
20
123
50
107
163
48
75
79
90
10
90
102
168
189
128
118
164
178
108
82
44
58
188
175
134
151
40
5
158
139
21
129
61
71
36
175
70
62
54
111
71
143
12
38
84
139
107
199
68
166
81
112
23
20
38
109
171
77
113
128
167
134
9
179
156
196
154
177
57
159
87
127
53
98
116
136
189
174
135
8
140
167
119
114
186
108
22
156
185
87
36
103
172
44
82
127
39
35
55
47
193
141
173
45
190
40
133
130
13
67
138
152
33
8
18
170
116
191
126
52
77
113
154
48
156
35
126
146
21
132
192
165
24
116
10
14
155
94
95
167
160
184
71
144
144
88
65
59
78
190
62
107
54
167
106
161
154
184
106
174
115
49
139
139
116
100
104
70
145
198
189
56
134
11
199
77
98
15
135
127
5
148
185
10
114
91
171
67
74
76
193
188
77
83
126
144
134
181
14
78
179
154
133
112
164
83
140
13
97
26
91
53
173
76
63
86
166
33
105
39
60
49
178
88
131
56
32
64
36
197
93
166
150
25
29
65
107
168
29
155
193
119
8
165
194
22
3
111
54
59
149
65
107
79
153
37
134
184
52
169
180
144
135
129
168
163
145
26
131
173
180
123
91
139
40
37
112
194
147
165
52
96
30
158
174
182
194
59
117
197
27
96
140
113
176
107
76
120
84
158
92
15
32
134
106
71
170
17
64
117
134
67
164
163
24
89
96
169
147
12
165
125
59
104
38
34
162
113
153
197
22
196
12
53
129
117
76
99
85
139
15
18
158
130
132
181
18
179
150
164
142
114
88
200
170
125
33
131
189
185
128
10
180
91
63
61
159
90
159
43
28
125
13
185
54
144
118
71
75
19
186
16
132
25
16
53
102
200
184
42
185
63
52
116
105
66
128
63
155
86
57
134
162
21
71
167
165
140
189
39
158
174
6
41
151
21
94
52
173
29
45
109
43
48
24
147
65

6072540