150
1000

124 76 102 144 70 139 95 97 91 99 136 148 108 85 149 54 109 106 104 117 68 82 70 72 125 74 51 122 82 94 115 56 72 119 102 92 108 99 91 101 100 77 99 59 64 51 63 75 59 117 142 129 149 115 51 76 139 105 100 123 149 65 81 123 86 133 117 145 135 59 96 85 138 98 146 53 99 60 78 60 79 123 140 131 88 93 109 129 148 60 102 147 127 133 72 64 68 140 111 105 101 109 93 141 57 89 96 58 51 77 69 133 50 111 66 140 54 125 71 53 87 123 102 117 58 125 83 76 67 144 132 70 103 75 61 63 66 108 123 120 135 142 103 87 55 119 129 60 94 50 

14
35
126
66
2
134
93
35
60
162
81
194
82
186
171
146
99
140
104
73
110
141
117
63
30
123
32
161
133
128
13
98
114
138
115
67
23
8
53
34
121
133
28
3
119
150
148
17
89
3
41
198
95
158
60
124
32
43
36
164
123
48
13
36
185
127
55
7
86
107
192
7
40
19
9
110
121
108
78
9
110
119
7
4
28
18
79
59
13
114
22
135
113
186
122
49
112
176
7
198
35
198
4
74
169
164
135
89
71
12
97
132
130
55
87
109
25
165
167
37
30
140
123
94
125
196
142
37
172
148
186
158
97
189
31
65
104
117
153
126
128
2
57
10
56
143
118
80
59
37
68
88
176
190
181
53
186
74
89
109
173
26
66
69
166
48
134
69
164
38
194
91
39
50
52
95
144
170
126
2
158
194
89
133
183
21
185
120
46
25
180
18
50
45
38
15
44
123
35
7
161
28
50
199
29
53
45
172
174
123
173
131
116
13
64
50
185
200
122
30
177
101
199
178
146
37
193
141
159
179
100
119
159
149
70
187
153
66
111
127
188
83
57
55
48
72
105
32
24
26
14
200
126
12
177
23
48
121
116
7
100
15
125
58
115
146
196
67
12
106
193
151
141
2
6
188
73
62
171
48
39
184
47
164
196
176
139
195
48
54
1
99
68
78
108
134
23
104
200
186
161
145
89
101
146
46
40
170
107
163
18
145
146
16
60
93
143
150
88
191
155
40
89
174
117
197
107
92
52
107
29
12
51
117
65
196
114
104
117
20
66
134
116
164
102
176
8
44
77
95
34
32
135
123
5
3
71
112
94
122
18
75
85
20
143
149
167
57
5
83
76
22
169
144
185
70
71
193
113
147
39
147
178
125
21
135
128
43
46
173
116
15
47
200
186
190
149
152
198
105
34
73
126
2
16
63
71
38
7
136
185
45
34
114
122
54
48
49
48
45
173
163
11
172
162
196
113
62
147
110
166
133
134
92
86
102
154
109
139
160
44
123
156
77
189
77
82
36
77
129
33
2
91
43
173
4
191
85
66
89
194
31
21
79
74
59
180
27
167
119
138
162
193
46
38
181
122
71
169
151
199
1
152
41
195
124
44
185
160
61
74
105
92
46
183
165
104
163
144
22
81
33
183
73
78
172
6
152
42
174
102
192
126
5
32
120
80
28
57
39
88
82
95
131
79
77
48
183
191
191
156
71
175
139
96
5
110
53
156
152
26
9
143
103
165
127
22
44
106
30
34
193
63
128
76
142
156
123
76
147
65
31
169
39
169
64
43
31
68
150
182
93
158
76
195
122
154
169
117
59
150
150
4
13
29
79
106
185
1
181
131
65
163
99
55
84
115
50
114
182
199
47
75
109
122
21
182
76
141
99
86
91
200
89
55
29
167
160
13
167
92
143
183
54
41
190
137
107
39
50
89
189
96
115
97
170
135
31
197
28
129
82
70
128
171
124
108
89
35
120
8
126
14
190
179
55
131
68
161
169
69
1
158
117
115
6
86
2
36
34
29
116
67
98
196
189
173
103
78
7
23
85
132
36
26
62
42
157
129
155
77
150
155
186
66
22
192
103
23
179
136
3
95
154
100
90
143
72
144
20
30
118
56
161
154
33
174
147
189
55
53
18
4
8
3
21
181
194
123
3
125
10
5
19
163
56
60
105
79
3
76
108
121
83
20
26
116
193
124
104
199
177
73
2
136
76
22
116
21
96
70
145
105
74
115
68
129
174
124
159
129
152
66
1
34
37
178
149
29
101
5
28
29
77
181
116
152
3
31
125
50
100
69
155
125
136
174
5
61
49
163
189
200
28
141
186
64
118
134
45
171
90
24
151
119
4
67
22
158
97
146
8
149
167
114
73
102
87
30
162
135
192
103
87
172
43
72
187
113
157
31
35
47
54
185
117
10
51
138
119
100
84
126
48
50
39
72
103
77
53
64
164
45
118
50
16
161
73
2
25
29
185
59
27
190
43
143
199
94
81
118
193
116
195
192
117
186
15
19
62
68
34
177
64
152
26
79
64
98
32
88
79
16
146
57
6
140
200
4
33
32
73
177
99
20
120
15
5
87
185
18
106
18
195
169
121
172
199
184
22
30
23
100
198
168
156
3
108
107
158
92
138
183
21
36
2
92
2
158
178
186
127
35
156
121
3
76
93
153
12
66
135
34
165
132
154
72
134
13
179
43
104
68
25
76
56
178
168
57
135
145
195
14
180
150
134
134
25
178
87
36
43
173
70
159
104
175
31
189
187

6408155