100
1500

64 84 76 54 97 134 59 63 140 120 116 123 125 142 137 126 132 75 93 83 130 63 127 128 103 82 61 113 132 89 62 146 75 140 102 122 125 112 135 115 82 54 88 109 98 127 137 80 105 81 113 85 146 142 115 99 74 78 114 56 117 78 104 142 68 57 114 143 71 52 60 103 108 98 114 56 128 102 86 83 133 101 118 129 93 84 78 117 112 94 75 80 122 129 72 140 88 89 86 61 

194
147
165
52
96
30
158
174
182
194
59
117
197
27
96
140
113
176
107
76
120
84
158
92
15
32
134
106
71
170
17
64
117
134
67
164
163
24
89
96
169
147
12
165
125
59
104
38
34
162
113
153
197
22
196
12
53
129
117
76
99
85
139
15
18
158
130
132
181
18
179
150
164
142
114
88
200
170
125
33
131
189
185
128
10
180
91
63
61
159
90
159
43
28
125
13
185
54
144
118
71
75
19
186
16
132
25
16
53
102
200
184
42
185
63
52
116
105
66
128
63
155
86
57
134
162
21
71
167
165
140
189
39
158
174
6
41
151
21
94
52
173
29
45
109
43
48
24
147
65
104
161
171
189
169
105
103
190
127
69
106
18
58
144
175
183
101
15
133
74
60
136
46
88
181
154
130
28
129
28
93
32
188
15
173
157
119
75
146
197
95
51
166
152
146
140
135
198
107
67
71
166
155
116
54
87
21
135
66
150
163
110
133
102
125
105
58
195
131
155
144
26
157
109
177
54
49
63
52
107
82
122
72
36
190
77
122
10
12
139
111
126
49
44
27
173
148
37
167
31
143
110
56
100
19
184
153
19
47
156
125
128
78
148
115
67
25
188
28
188
126
139
65
174
182
91
98
81
79
17
111
22
78
118
73
48
102
25
66
100
181
142
179
10
90
93
28
66
80
55
5
157
145
69
131
78
159
180
159
190
196
21
11
74
91
83
121
144
59
139
43
191
32
21
200
121
113
179
138
144
186
142
100
130
10
182
8
121
114
118
62
109
138
72
134
28
106
7
171
116
145
165
107
176
185
58
49
49
37
138
144
22
32
44
103
41
177
110
113
90
27
174
199
117
197
84
144
54
90
67
170
186
31
76
162
168
85
162
168
121
51
112
94
82
155
197
75
83
58
187
173
85
113
123
153
61
6
96
115
48
114
36
33
97
63
146
16
147
107
183
20
158
94
113
39
200
61
113
83
71
52
7
107
116
129
59
128
86
154
42
133
20
29
166
68
91
111
83
38
170
65
57
79
111
121
69
62
134
134
96
4
137
102
110
52
30
168
179
116
73
173
200
44
153
165
111
44
28
145
81
197
162
89
27
72
161
95
85
94
180
181
49
116
82
110
119
64
77
50
131
102
174
130
145
126
95
8
169
122
152
1
70
113
41
96
136
2
142
21
47
122
1
96
189
34
5
108
97
34
157
27
135
130
157
31
7
3
38
176
76
142
128
97
54
169
144
190
170
85
162
16
158
162
63
147
147
68
6
44
101
162
22
187
43
130
169
49
132
7
176
7
100
104
55
153
24
198
94
193
35
55
160
192
168
23
90
115
42
95
158
94
8
131
32
2
61
200
3
192
158
178
151
57
33
5
10
56
3
55
200
189
110
112
180
29
86
22
143
127
68
52
172
28
183
3
29
43
2
183
186
112
113
88
168
145
93
129
153
47
184
152
35
45
15
166
73
100
187
168
178
7
171
149
34
153
103
62
147
57
197
85
168
109
172
135
53
16
64
157
14
199
61
200
43
75
166
67
175
104
34
152
110
157
53
143
109
155
157
8
11
153
92
178
61
15
65
65
31
128
22
44
78
34
196
72
108
161
138
34
16
124
138
78
80
190
20
140
144
128
147
155
32
190
84
92
157
148
109
187
27
82
182
56
115
177
127
174
89
65
8
57
188
145
134
19
134
105
158
29
185
57
135
16
198
171
108
154
118
168
92
97
49
74
152
163
2
79
136
43
95
95
99
34
39
184
52
124
88
9
105
24
17
39
40
15
9
147
168
79
66
60
175
114
85
78
76
38
108
163
80
2
58
130
35
48
113
86
124
153
47
28
176
63
18
15
29
27
113
197
57
178
8
31
43
92
60
70
81
168
33
161
169
42
90
156
41
155
41
116
107
39
143
34
54
161
1
82
139
113
78
195
43
37
177
85
80
188
155
161
155
139
121
76
132
162
31
124
116
23
40
174
14
134
160
67
46
160
148
184
24
178
130
66
14
58
103
94
46
9
6
152
99
78
27
182
39
9
105
107
184
96
32
197
30
191
63
75
150
162
11
174
139
140
191
153
150
45
198
195
5
155
146
55
32
125
36
22
85
93
80
68
188
112
16
169
102
30
44
4
192
6
129
130
97
71
34
46
68
183
40
72
137
138
127
168
62
114
190
98
158
69
166
146
132
181
66
186
163
61
189
154
66
69
83
163
139
69
160
6
51
152
30
188
89
108
155
102
21
96
199
131
117
116
76
48
49
93
185
11
154
173
164
19
193
198
133
84
66
45
89
117
196
70
104
36
177
10
89
150
58
87
80
174
155
107
173
3
199
158
165
104
82
80
123
27
29
7
110
95
51
150
163
198
20
18
33
148
179
121
49
36
160
80
161
114
186
86
68
137
195
184
40
28
63
114
54
91
73
163
137
123
113
99
121
84
68
153
31
47
26
80
82
185
159
43
50
97
80
69
185
74
52
24
101
66
90
155
156
162
117
45
36
181
95
156
64
163
61
47
9
38
126
42
22
36
36
23
84
115
91
68
188
142
44
89
7
133
43
114
46
111
110
81
44
5
189
107
167
1
153
127
38
30
168
11
18
4
33
101
118
123
169
106
16
164
146
174
96
188
39
93
50
149
125
93
153
113
152
71
113
104
197
102
86
116
112
103
119
96
3
189
170
123
46
185
86
191
158
133
130
149
25
179
97
150
24
49
14
175
71
79
30
67
180
115
182
44
17
53
139
172
41
109
94
86
45
180
76
155
112
157
103
137
135
199
38
158
199
51
132
21
129
162
87
61
28
20
104
197
24
194
168
16
54
61
53
99
192
128
5
104
36
59
192
171
9
181
80
7
31
164
179
112
77
65
172
104
36
75
100
12
68
67
27
74
80
80
172
71
159
128
174
195
186
117
165
194
97
196
152
128
159
130
191
35
146
162
139
133
36
38
144
55
57
171
128
136
2
51
6
160
130
132
154
115
48
70
60
97
66
163
176
176
92
166
11
189
127
101
122
114
138
17
168
146
139
48
81
140
98
39
100
28
122
5
94
121
75
154
17
92
116
192
67
160
109
29
100
35
129
173
148
19
190
68
164
128
115
197
68
164
187
119
191
108
123
37
28
149
142
45
40
57
188
59
168
49
87
20
83
16
192
183
34
133
2
149
13
116
145
32
79
131
150
22
38
72
10
18
173
151
14
164
7
153
22
127
1
61
98
36
76
89
18
61
22
19
9
186
86
106
17
116
188
166
89
178
189
98
195
161
48
8
77
7
160
98
133
113
158
30
148
185
70
117
197
43
87
158
28
172
63
196
39
2
161
128
179
102
25
173
14
73
132
90
79
92
188
163
4
97
144
103
34
165
19
182
160
105
139
139
28
153
135
66
155
95
145
133
148

8743191