50
200

143 75 92 84 61 83 58 113 102 73 113 69 70 120 135 96 90 65 106 89 72 118 51 127 58 147 146 118 85 117 105 79 94 99 65 105 84 125 68 136 148 83 108 68 106 93 67 146 108 75 

136
33
195
189
10
103
87
107
123
22
26
78
3
122
179
118
129
13
93
148
52
143
133
10
62
89
105
131
137
116
156
25
148
150
13
110
5
51
168
127
25
145
157
27
66
135
97
194
100
141
93
151
84
178
112
97
18
16
27
155
131
182
179
31
84
191
140
88
194
107
166
18
3
74
44
68
161
92
13
60
33
58
162
68
35
25
164
52
40
190
158
123
123
136
105
6
79
196
45
72
54
163
89
56
36
84
75
196
176
87
55
160
144
168
27
130
192
142
182
184
131
139
58
5
27
162
11
105
109
7
128
162
169
16
17
5
51
91
200
178
129
7
137
25
126
115
154
118
56
135
101
138
26
158
143
52
71
105
156
179
111
83
140
80
50
108
36
100
150
187
30
78
193
166
102
119
33
56
188
40
142
88
178
167
197
120
170
19
24
77
149
86
111
40
117
112
147
152
12
48

1447063