50
200

88 142 126 132 107 80 102 91 87 89 131 128 128 108 147 76 79 68 94 54 145 142 139 55 133 56 67 79 59 130 78 97 122 55 132 131 85 84 73 122 76 54 52 54 64 101 81 145 120 77 

100
18
173
141
123
56
99
92
38
9
24
66
8
148
123
90
30
110
77
5
34
3
161
37
59
75
140
90
170
162
170
21
179
94
161
54
149
60
145
138
20
121
156
179
68
78
69
49
188
97
53
21
99
13
9
109
39
149
199
160
62
120
132
41
13
93
94
113
104
190
51
75
110
6
53
130
35
73
178
22
169
31
195
19
195
155
128
186
103
78
145
165
149
77
157
161
121
50
73
176
191
75
2
53
80
54
182
67
79
159
40
199
141
34
18
88
189
97
73
43
126
17
159
74
45
115
186
117
116
58
44
107
133
45
159
164
99
92
182
177
50
22
127
143
7
144
30
195
192
102
190
69
70
100
142
67
15
127
183
82
137
179
140
21
23
50
136
73
141
118
1
143
139
128
85
145
23
66
92
15
167
81
35
188
180
129
54
146
55
189
180
143
167
119
115
189
169
51
62
109

1158586