150
200

142 100 133 127 61 146 67 65 76 104 80 131 128 80 133 140 89 137 143 56 115 67 52 123 93 117 110 141 62 109 82 107 111 117 84 74 113 101 89 139 107 72 72 85 54 55 128 145 94 121 103 112 138 105 85 133 124 145 125 136 104 109 93 117 76 79 141 91 131 133 80 88 107 54 76 111 60 54 58 56 77 111 118 65 66 54 100 140 149 127 78 56 86 74 75 64 103 67 105 84 50 87 75 107 92 101 120 54 105 128 60 132 89 129 99 57 85 149 99 136 79 127 142 115 51 68 82 105 137 89 91 137 127 116 146 69 119 68 73 126 98 135 60 89 66 61 96 101 61 97 

139
193
77
83
158
131
153
142
138
140
182
79
179
159
198
127
30
119
145
5
196
93
90
106
84
7
18
30
110
181
29
48
173
106
83
82
36
35
24
173
127
5
3
105
115
152
32
96
71
128
100
18
173
141
123
56
99
92
38
9
24
66
8
148
123
90
30
110
77
5
34
3
161
37
59
75
140
90
170
162
170
21
179
94
161
54
149
60
145
138
20
121
156
179
68
78
69
49
188
97
53
21
99
13
9
109
39
149
199
160
62
120
132
41
13
93
94
113
104
190
51
75
110
6
53
130
35
73
178
22
169
31
195
19
195
155
128
186
103
78
145
165
149
77
157
161
121
50
73
176
191
75
2
53
80
54
182
67
79
159
40
199
141
34
18
88
189
97
73
43
126
17
159
74
45
115
186
117
116
58
44
107
133
45
159
164
99
92
182
177
50
22
127
143
7
144
30
195
192
102

1296230