150
200

139 118 119 149 91 116 64 76 132 131 86 128 89 70 72 99 85 122 90 67 50 92 88 77 134 94 72 115 141 64 116 130 84 137 129 78 103 95 104 138 129 92 116 68 64 138 118 100 111 58 117 111 100 107 90 136 51 113 101 94 127 119 126 113 107 58 141 60 103 148 100 82 90 66 53 105 107 121 55 120 129 74 133 132 131 74 118 84 137 122 81 66 91 57 129 148 65 121 111 71 119 61 55 59 130 58 66 139 81 123 109 113 147 92 95 80 116 115 67 103 139 98 119 81 57 99 131 125 122 92 98 91 56 103 100 88 64 69 77 95 142 88 110 92 130 55 74 97 73 143 

53
113
194
175
44
102
76
78
129
48
172
77
189
178
182
91
168
96
110
147
94
155
85
54
149
166
12
73
65
87
119
69
199
112
43
195
165
118
72
93
165
43
169
105
173
151
196
92
198
57
39
43
163
123
49
111
40
12
136
56
98
54
125
48
165
167
42
130
37
65
174
153
60
143
58
184
45
5
75
194
13
65
37
176
140
37
86
179
48
21
35
145
26
111
192
191
77
186
72
65
2
197
18
61
139
27
196
135
183
23
129
195
87
117
170
26
153
56
157
200
28
143
96
54
53
39
196
81
24
19
146
178
15
115
190
106
93
186
40
75
8
120
69
46
36
191
24
188
198
180
139
25
74
34
30
126
73
177
158
96
195
55
25
162
169
15
19
13
200
58
39
159
130
60
4
117
50
179
105
47
158
43
23
31
29
53
108
101
29
66
148
176
120
173
137
41
187
155
53
138

1127610