10
500

88 108 79 109 53 66 99 128 54 96 

158
43
23
31
29
53
108
101
29
66
148
176
120
173
137
41
187
155
53
138
164
44
48
45
103
3
162
152
182
18
198
91
12
20
122
40
24
29
140
5
46
88
180
166
12
68
158
198
174
162
87
89
5
134
134
107
88
47
58
69
64
7
160
75
179
33
115
2
13
6
6
59
93
185
176
56
4
133
53
177
94
91
66
99
176
151
5
64
197
15
84
60
21
43
86
199
75
152
153
40
158
158
98
2
95
25
58
50
109
62
27
2
153
44
52
128
146
9
143
94
175
27
153
195
21
190
146
48
142
50
87
99
159
136
100
5
160
157
55
68
19
33
21
123
76
25
2
173
33
145
66
7
123
170
153
143
159
50
142
52
51
28
150
10
115
2
14
26
110
68
93
80
100
66
2
127
90
156
51
74
100
116
32
174
37
184
68
196
186
10
47
36
189
149
197
104
150
11
129
11
30
174
91
82
39
44
160
80
199
11
153
98
78
184
23
115
119
91
62
56
52
60
44
192
8
40
47
109
2
128
120
184
101
162
17
91
5
176
122
4
138
74
53
168
9
76
34
127
118
95
183
121
154
26
112
114
17
159
174
171
86
93
154
138
6
170
180
11
145
101
14
35
126
66
2
134
93
35
60
162
81
194
82
186
171
146
99
140
104
73
110
141
117
63
30
123
32
161
133
128
13
98
114
138
115
67
23
8
53
34
121
133
28
3
119
150
148
17
89
3
41
198
95
158
60
124
32
43
36
164
123
48
13
36
185
127
55
7
86
107
192
7
40
19
9
110
121
108
78
9
110
119
7
4
28
18
79
59
13
114
22
135
113
186
122
49
112
176
7
198
35
198
4
74
169
164
135
89
71
12
97
132
130
55
87
109
25
165
167
37
30
140
123
94
125
196
142
37
172
148
186
158
97
189
31
65
104
117
153
126
128
2
57
10
56
143
118
80
59
37
68
88
176
190
181
53
186
74
89
109
173
26
66
69
166
48
134
69
164
38
194
91
39
50
52
95
144
170
126
2
158
194
89
133
183
21
185
120
46
25
180
18
50
45
38
15
44
123
35
7
161
28
50
199
29
53
45
172
174
123
173
131
116
13
64
50
185
200
122
30
177
101
199
178
146
37
193
141
159
179

2993652