10
500

131 128 128 108 147 76 79 68 94 54 

196
93
90
106
84
7
18
30
110
181
29
48
173
106
83
82
36
35
24
173
127
5
3
105
115
152
32
96
71
128
100
18
173
141
123
56
99
92
38
9
24
66
8
148
123
90
30
110
77
5
34
3
161
37
59
75
140
90
170
162
170
21
179
94
161
54
149
60
145
138
20
121
156
179
68
78
69
49
188
97
53
21
99
13
9
109
39
149
199
160
62
120
132
41
13
93
94
113
104
190
51
75
110
6
53
130
35
73
178
22
169
31
195
19
195
155
128
186
103
78
145
165
149
77
157
161
121
50
73
176
191
75
2
53
80
54
182
67
79
159
40
199
141
34
18
88
189
97
73
43
126
17
159
74
45
115
186
117
116
58
44
107
133
45
159
164
99
92
182
177
50
22
127
143
7
144
30
195
192
102
190
69
70
100
142
67
15
127
183
82
137
179
140
21
23
50
136
73
141
118
1
143
139
128
85
145
23
66
92
15
167
81
35
188
180
129
54
146
55
189
180
143
167
119
115
189
169
51
62
109
168
62
51
58
141
87
2
164
152
45
178
70
77
164
58
9
92
111
154
99
51
133
41
17
4
156
158
172
6
171
80
125
184
83
182
125
169
135
88
73
132
17
142
8
180
199
16
72
62
122
170
112
6
10
81
9
117
190
132
74
160
164
198
143
46
131
67
166
18
154
190
149
170
132
108
150
82
76
173
143
149
142
7
154
151
39
115
20
28
46
93
139
161
43
81
6
125
148
124
94
53
113
194
175
44
102
76
78
129
48
172
77
189
178
182
91
168
96
110
147
94
155
85
54
149
166
12
73
65
87
119
69
199
112
43
195
165
118
72
93
165
43
169
105
173
151
196
92
198
57
39
43
163
123
49
111
40
12
136
56
98
54
125
48
165
167
42
130
37
65
174
153
60
143
58
184
45
5
75
194
13
65
37
176
140
37
86
179
48
21
35
145
26
111
192
191
77
186
72
65
2
197
18
61
139
27
196
135
183
23
129
195
87
117
170
26
153
56
157
200
28
143
96
54
53
39
196
81
24
19
146
178
15
115
190
106
93
186
40
75
8
120
69
46
36
191
24
188
198
180
139
25
74
34
30
126
73
177
158
96
195
55
25
162
169
15
19
13
200
58

3296181