5
1500

97 107 144 113 133 

60
116
105
101
159
6
56
103
184
196
139
84
121
151
165
57
188
156
105
37
130
59
159
127
111
166
175
120
112
190
103
171
106
159
23
16
117
30
118
100
178
9
136
50
159
100
107
98
7
11
134
136
21
92
15
131
9
189
51
120
178
105
43
35
64
65
2
180
47
72
31
24
80
166
25
190
18
131
87
24
94
172
160
114
16
174
197
24
114
199
96
43
103
138
78
118
154
31
97
200
102
128
175
181
45
200
170
62
82
56
86
175
28
197
41
43
122
37
18
35
187
113
29
89
2
58
7
108
89
55
59
190
134
186
123
179
137
92
40
18
100
125
145
79
73
185
73
194
173
90
180
111
155
9
199
156
66
157
15
154
12
74
96
145
59
18
75
195
61
115
12
112
191
108
190
64
44
62
9
168
104
189
78
58
197
77
165
62
185
180
168
196
53
63
93
63
32
119
57
92
185
20
4
176
80
145
191
123
159
151
91
62
139
168
119
87
196
35
101
181
14
68
128
18
82
172
32
113
91
40
156
75
60
111
2
139
8
144
13
166
95
103
27
33
23
97
120
170
131
172
102
97
39
182
114
72
153
98
184
195
137
91
22
196
154
23
86
161
167
51
126
13
105
152
197
79
200
68
49
130
39
150
26
77
83
92
148
36
189
83
30
125
126
51
73
79
26
110
39
144
112
164
156
17
67
152
95
66
172
95
147
10
197
125
87
79
16
186
114
156
21
96
32
146
98
56
24
75
118
62
18
29
177
125
197
43
29
92
60
200
138
6
9
134
130
47
13
97
185
78
4
5
125
188
102
23
43
125
49
112
138
19
141
114
143
89
108
123
132
119
122
70
124
83
3
6
129
167
54
65
45
10
21
121
197
122
95
191
198
144
103
135
162
195
200
104
83
107
27
15
177
100
36
53
182
38
10
63
157
63
127
153
24
148
73
20
69
168
163
67
111
65
153
72
11
153
127
45
11
105
59
188
157
94
40
90
84
49
152
40
63
31
144
39
178
16
10
198
183
172
16
93
188
121
116
198
73
195
43
35
51
53
174
159
99
165
49
134
165
200
125
180
30
68
18
159
83
27
109
66
199
124
110
186
44
178
136
68
124
130
103
126
182
28
85
32
193
85
165
157
84
41
136
66
108
105
176
143
132
84
8
130
160
69
67
155
198
154
23
73
83
77
199
17
104
35
48
48
119
165
5
154
5
92
171
113
197
147
7
80
182
14
161
141
34
27
96
184
133
70
56
15
146
6
183
1
40
31
49
110
147
5
16
151
48
186
15
196
84
21
75
18
186
35
158
172
14
5
155
146
74
162
112
171
168
95
124
159
77
172
21
23
128
36
125
175
173
140
123
9
112
197
26
98
184
135
21
197
92
175
94
117
136
5
88
55
51
11
14
127
134
34
149
13
21
74
187
193
165
61
153
76
58
130
125
41
65
145
189
108
71
82
24
159
38
111
13
89
73
26
15
158
11
116
170
31
141
109
176
105
169
128
132
178
58
9
18
74
105
158
181
128
39
156
86
77
19
98
165
91
76
131
49
86
46
18
69
138
78
44
194
47
123
78
24
132
86
194
5
142
151
137
69
142
45
106
170
63
4
86
153
31
16
153
116
14
123
184
103
200
179
97
198
102
174
22
33
11
167
190
152
117
78
173
10
122
78
179
136
33
64
89
63
32
193
131
197
115
66
99
67
45
195
64
98
168
37
82
130
3
23
82
72
53
6
81
126
83
12
62
116
27
150
130
58
94
60
6
161
126
105
27
122
99
42
19
19
31
100
100
33
75
181
56
127
138
137
52
21
100
113
88
126
14
17
136
108
29
141
68
154
197
46
75
48
39
45
18
69
96
117
102
170
50
157
96
187
45
148
7
96
60
46
22
74
15
109
133
43
1
200
148
198
197
174
45
35
18
62
104
113
178
157
83
27
65
130
166
110
77
124
5
89
170
178
114
184
86
198
178
39
197
125
36
145
98
80
179
115
93
34
179
22
190
13
49
55
143
14
116
171
89
72
11
58
2
124
193
87
73
170
125
69
46
112
165
143
143
144
9
35
177
140
57
119
152
57
125
46
22
192
17
110
63
27
120
64
103
112
103
175
34
179
196
79
91
160
174
33
55
134
68
184
73
76
54
25
132
178
70
105
169
38
14
183
17
133
47
71
197
149
197
30
79
144
60
169
104
33
154
110
167
173
45
39
48
98
15
131
75
37
35
195
26
200
178
42
133
24
64
81
124
61
110
2
4
169
123
59
154
76
169
72
48
13
110
47
63
77
177
137
65
163
84
90
162
61
84
46
36
147
126
159
7
187
112
163
108
34
21
61
61
141
132
60
106
193
106
168
21
82
56
85
196
139
175
158
151
58
3
186
156
81
96
163
67
160
77
174
193
97
34
6
190
117
65
95
62
171
14
82
4
21
167
200
112
141
157
62
150
111
48
105
191
95
19
58
54
95
183
199
144
169
4
133
85
20
179
146
190
192
28
146
164
146
145
75
38
53
137
187
115
136
43
58
182
62
67
36
108
49
34
51
17
189
183
54
8
113
151
150
56
130
95
20
75
191
94
112
195
182
98
109
69
93
118
51
106
184
86
13
33
71
64
1
59
198
6
66
111
157
167
118
86
61
137
113
3
183
24
197
164
74
58
33
166
175
83
71
159
120
35
143
190
50
95
48
48
53
65
110
9
32
27
46
44
116
110
47
98
134
195
61
159
52
45
76
179
79
98
137
198
132
31
187
182
77
186
181
129
51
90
89
34
68
87
77
183
148
75
32
81
70
45
191
121
89
66
99
120
163
187
117
47
169
56
28
198
41
8
78
43
49
119
76
68
157
105
3
104
179
34
137
200
30
127
73
71
193
123
190
107
62
106
153
182
161
132
179
154
91
9
196
91
127
24
159
35
128
113
138
58
98
74
58
128
153
82
198
97
4
187
3
65
44
108
47
157
39
177
110
130
137
105
20
15
128
130
49
7
42
187
65
92
12
74
19
164
155
16
60
110
154
15
127
197
122
173
153
160
101
14
41
190
71
61
4
198
142
53
157
136
191
173
27
154
46
197
70
152
164
81
61
117
95
139
65
168
63
170
80
164
183
120
153
53
132
108
3
74
160
111
161
102
83
187
56
80
135
77
183
98
157
195
14
4
134
30
171
196
199
50
111
134
170
63
138
53
123
92
78
34
2
38
136
84
176
143
115
110
19
97
7
175
92
172
178
25
2
149
20
152
150
131
37
71
145
175
124
67
66
1
53
68
191
188
103
166
130
18
76
100
66
34
74
157
158
4
133
111
104
105
62
53
187
51
124
83
25
199
102
90
199
154
109
189
141
164
107
22
133
134
121
198
119
146
107
76
149
191
186
4
95
200
57
81
50
132
116
26

16124717