150
500

63 84 75 115 51 83 142 84 109 111 130 143 131 135 120 95 148 89 53 122 59 90 66 112 79 72 81 110 82 77 62 147 63 87 64 116 72 57 102 83 70 82 77 52 68 99 97 66 138 52 90 147 144 107 109 73 81 92 85 113 72 97 62 85 134 76 104 56 135 56 141 56 89 68 58 59 70 57 127 58 59 68 56 53 77 67 128 108 62 63 71 84 62 135 71 98 61 125 56 147 84 147 53 123 118 113 84 138 120 61 146 81 79 104 136 58 74 114 116 86 79 89 72 143 74 145 91 86 121 97 135 107 146 138 80 114 53 66 102 75 77 51 106 59 105 92 67 129 108 86 

68
88
176
190
181
53
186
74
89
109
173
26
66
69
166
48
134
69
164
38
194
91
39
50
52
95
144
170
126
2
158
194
89
133
183
21
185
120
46
25
180
18
50
45
38
15
44
123
35
7
161
28
50
199
29
53
45
172
174
123
173
131
116
13
64
50
185
200
122
30
177
101
199
178
146
37
193
141
159
179
100
119
159
149
70
187
153
66
111
127
188
83
57
55
48
72
105
32
24
26
14
200
126
12
177
23
48
121
116
7
100
15
125
58
115
146
196
67
12
106
193
151
141
2
6
188
73
62
171
48
39
184
47
164
196
176
139
195
48
54
1
99
68
78
108
134
23
104
200
186
161
145
89
101
146
46
40
170
107
163
18
145
146
16
60
93
143
150
88
191
155
40
89
174
117
197
107
92
52
107
29
12
51
117
65
196
114
104
117
20
66
134
116
164
102
176
8
44
77
95
34
32
135
123
5
3
71
112
94
122
18
75
85
20
143
149
167
57
5
83
76
22
169
144
185
70
71
193
113
147
39
147
178
125
21
135
128
43
46
173
116
15
47
200
186
190
149
152
198
105
34
73
126
2
16
63
71
38
7
136
185
45
34
114
122
54
48
49
48
45
173
163
11
172
162
196
113
62
147
110
166
133
134
92
86
102
154
109
139
160
44
123
156
77
189
77
82
36
77
129
33
2
91
43
173
4
191
85
66
89
194
31
21
79
74
59
180
27
167
119
138
162
193
46
38
181
122
71
169
151
199
1
152
41
195
124
44
185
160
61
74
105
92
46
183
165
104
163
144
22
81
33
183
73
78
172
6
152
42
174
102
192
126
5
32
120
80
28
57
39
88
82
95
131
79
77
48
183
191
191
156
71
175
139
96
5
110
53
156
152
26
9
143
103
165
127
22
44
106
30
34
193
63
128
76
142
156
123
76
147
65
31
169
39
169
64
43
31
68
150
182
93
158
76
195
122
154
169
117
59
150
150
4
13
29
79
106
185
1
181
131
65
163
99
55
84
115
50
114
182
199
47
75
109
122
21
182
76
141
99
86
91
200
89
55
29
167
160
13
167
92
143
183
54
41
190
137
107
39
50
89
189
96
115
97
170
135
31
197
28
129
82
70
128
171
124
108
89
35
120

3664033