150
500

100 77 136 86 137 107 110 60 64 120 137 116 75 101 89 119 139 118 56 105 107 69 80 52 133 67 121 61 59 109 57 110 136 95 98 75 52 111 85 118 81 125 137 58 76 76 128 118 144 134 125 53 105 55 107 140 124 78 52 134 137 59 146 75 56 94 100 58 107 88 78 138 63 65 147 141 91 77 109 137 61 136 92 68 142 50 58 68 78 60 104 118 121 100 95 127 97 146 87 54 84 116 95 149 131 92 140 125 71 100 64 82 86 107 100 130 107 60 101 87 71 55 107 94 106 53 72 53 101 109 109 87 127 54 86 109 148 76 84 69 78 50 53 67 107 55 147 116 66 98 

105
190
7
114
134
63
17
108
18
120
20
129
157
197
34
93
108
84
120
194
104
148
95
159
65
52
165
115
171
33
15
27
22
21
140
107
35
109
15
52
28
34
181
185
182
166
77
90
49
148
83
104
48
129
63
64
133
179
178
103
163
145
129
184
117
68
90
152
128
56
3
156
41
135
140
23
52
168
64
101
68
98
156
115
27
170
178
159
148
108
61
62
4
141
45
120
160
87
71
88
94
26
43
135
112
134
109
164
53
124
64
120
21
171
186
47
141
116
157
40
23
169
102
178
109
98
97
69
136
168
156
30
145
150
116
56
35
176
19
87
99
34
159
119
157
144
118
97
59
26
136
33
195
189
10
103
87
107
123
22
26
78
3
122
179
118
129
13
93
148
52
143
133
10
62
89
105
131
137
116
156
25
148
150
13
110
5
51
168
127
25
145
157
27
66
135
97
194
100
141
93
151
84
178
112
97
18
16
27
155
131
182
179
31
84
191
140
88
194
107
166
18
3
74
44
68
161
92
13
60
33
58
162
68
35
25
164
52
40
190
158
123
123
136
105
6
79
196
45
72
54
163
89
56
36
84
75
196
176
87
55
160
144
168
27
130
192
142
182
184
131
139
58
5
27
162
11
105
109
7
128
162
169
16
17
5
51
91
200
178
129
7
137
25
126
115
154
118
56
135
101
138
26
158
143
52
71
105
156
179
111
83
140
80
50
108
36
100
150
187
30
78
193
166
102
119
33
56
188
40
142
88
178
167
197
120
170
19
24
77
149
86
111
40
117
112
147
152
12
48
139
193
77
83
158
131
153
142
138
140
182
79
179
159
198
127
30
119
145
5
196
93
90
106
84
7
18
30
110
181
29
48
173
106
83
82
36
35
24
173
127
5
3
105
115
152
32
96
71
128
100
18
173
141
123
56
99
92
38
9
24
66
8
148
123
90
30
110
77
5
34
3
161
37
59
75
140
90
170
162
170
21
179
94
161
54
149
60
145
138
20
121
156
179
68
78
69
49
188
97
53
21
99
13
9
109
39
149
199
160
62
120
132
41
13
93
94
113
104
190
51
75
110
6
53
130
35
73
178
22
169
31
195
19
195
155
128
186
103
78
145
165
149
77
157
161
121
50
73
176

3274245