150
500

140 124 51 102 129 103 131 116 128 108 89 148 90 83 67 137 138 146 122 92 75 66 108 123 94 64 135 66 65 107 93 56 82 94 108 113 148 141 131 126 99 71 76 92 56 93 79 144 141 51 139 118 119 149 91 116 64 76 132 131 86 128 89 70 72 99 85 122 90 67 50 92 88 77 134 94 72 115 141 64 116 130 84 137 129 78 103 95 104 138 129 92 116 68 64 138 118 100 111 58 117 111 100 107 90 136 51 113 101 94 127 119 126 113 107 58 141 60 103 148 100 82 90 66 53 105 107 121 55 120 129 74 133 132 131 74 118 84 137 122 81 66 91 57 129 148 65 121 111 71 

170
112
6
10
81
9
117
190
132
74
160
164
198
143
46
131
67
166
18
154
190
149
170
132
108
150
82
76
173
143
149
142
7
154
151
39
115
20
28
46
93
139
161
43
81
6
125
148
124
94
53
113
194
175
44
102
76
78
129
48
172
77
189
178
182
91
168
96
110
147
94
155
85
54
149
166
12
73
65
87
119
69
199
112
43
195
165
118
72
93
165
43
169
105
173
151
196
92
198
57
39
43
163
123
49
111
40
12
136
56
98
54
125
48
165
167
42
130
37
65
174
153
60
143
58
184
45
5
75
194
13
65
37
176
140
37
86
179
48
21
35
145
26
111
192
191
77
186
72
65
2
197
18
61
139
27
196
135
183
23
129
195
87
117
170
26
153
56
157
200
28
143
96
54
53
39
196
81
24
19
146
178
15
115
190
106
93
186
40
75
8
120
69
46
36
191
24
188
198
180
139
25
74
34
30
126
73
177
158
96
195
55
25
162
169
15
19
13
200
58
39
159
130
60
4
117
50
179
105
47
158
43
23
31
29
53
108
101
29
66
148
176
120
173
137
41
187
155
53
138
164
44
48
45
103
3
162
152
182
18
198
91
12
20
122
40
24
29
140
5
46
88
180
166
12
68
158
198
174
162
87
89
5
134
134
107
88
47
58
69
64
7
160
75
179
33
115
2
13
6
6
59
93
185
176
56
4
133
53
177
94
91
66
99
176
151
5
64
197
15
84
60
21
43
86
199
75
152
153
40
158
158
98
2
95
25
58
50
109
62
27
2
153
44
52
128
146
9
143
94
175
27
153
195
21
190
146
48
142
50
87
99
159
136
100
5
160
157
55
68
19
33
21
123
76
25
2
173
33
145
66
7
123
170
153
143
159
50
142
52
51
28
150
10
115
2
14
26
110
68
93
80
100
66
2
127
90
156
51
74
100
116
32
174
37
184
68
196
186
10
47
36
189
149
197
104
150
11
129
11
30
174
91
82
39
44
160
80
199
11
153
98
78
184
23
115
119
91
62
56
52
60
44
192
8
40
47
109
2
128
120
184
101
162
17
91
5
176
122
4
138
74
53
168
9
76
34
127
118
95
183
121
154
26
112
114
17
159
174
171
86
93
154
138
6
170
180
11
145
101

2685485